wSets
LETRA,ABCDEFGHIJKLMNÑOPQRSTUVWXYZabcdefghijklmnñopqrstuvwxyz_
DIGITO,0123456789
CHARSET, !"#$%&'()*+,-./0123456789:;<=>?@ABCDEFGHIJKLMNOPQRSTUVWXYZ[\]^_`abcdefghijklmnopqrstuvwxyz{|}~ ¡¢£¤¥¦§¨©ª«¬­®¯°±²³´µ¶·¸¹º»¼½¾¿ÀÁÂÃÄÅÆÇÈÉÊËÌÍÎÏÐÑÒÓÔÕÖ×ØÙÚÛÜÝÞßàáâãäåæçèéêëìíîïðñòóôõö÷øùúûüýþ
wTokens
	TOKEN 1= DIGITO DIGITO *
	TOKEN 2='"' CHARSET '"'|''' CHARSET '''
	TOKEN  4  = '='
	TOKEN  5  = '<''>'
	TOKEN  6  = '<'
	TOKEN  7  = '>'
	TOKEN  8  = '>''='
	TOKEN  9  = '<''='
	TOKEN  10  = '+'
	TOKEN  11  = '-'
	TOKEN  12  = 'O''R'
	TOKEN  13  = '*'
	TOKEN  14  = 'A''N''D'
	TOKEN  15  = 'M''O''D'
	TOKEN  16  = 'D''I''V'
	TOKEN  17  = 'N''O''T'
	TOKEN  40  = '(''*'
	TOKEN  41  = '*'')'
	TOKEN  42  = ';'
	TOKEN  43  = '.'
	TOKEN  44  = '{'
	TOKEN  45  = '}'
	TOKEN  46  = '('
	TOKEN  47  = ')'
	TOKEN  48  = '['
	TOKEN  49  = ']'
	TOKEN  50  = '.''.'
	TOKEN  51  = ':'
	TOKEN  52  = ','
	TOKEN  53  = ':''='
	TOKEN 3= LETRA ( LETRA | DIGITO )*   { RESERVADAS() } 
wActions
	18 = 'PROGRAM'
	19 = 'INCLUDE'
	20 = 'CONST'
	21 = 'TYPE'
	22 = 'VAR'
	23 = 'RECORD'
	24 = 'ARRAY'
	25 = 'OF'
	26 = 'PROCEDURE'
	27 = 'FUNCTION'
	28 = 'IF'
	29 = 'THEN'
	30 = 'ELSE'
	31 = 'FOR'
	32 = 'TO'
	33 = 'WHILE'
	34 = 'DO'
	35 = 'EXIT'
	36 = 'END'
	37 = 'CASE'
	38 = 'BREAK'
	39 = 'DOWNTO'
wError
ERROR = 54
wNombreEstados
DIGITO
'"'
CHARSET
'''
'='
'<'
'>'
'+'
'-'
'O'
'R'
'*'
'A'
'N'
'D'
'M'
'I'
'V'
'T'
'('
')'
';'
'.'
'{'
'}'
'['
']'
':'
','
LETRA
wEstados
1,3,6,9,10,12,13,14,16,18,19,20,22,23,26,29,32,35,37,39,40,41,42,43,44,45,46,47,49,50,51,53
2,56
4
7
56
11,17,56
15,56
21
38,56
24
33
30
27
36,56
48,56
52,56
54,55,56
5
8
25
34
31
28
wValoresEstado
2,56;4;0;7;56;11,17,56;15,56;56;56;21;0;38,56;24;33;30;27;0;0;0;36,56;56;56;48,56;56;56;56;56;52,56;56;54,55,56
2,56;0;0;0;0;0;0;0;0;0;0;0;0;0;0;0;0;0;0;0;0;0;0;0;0;0;0;0;0;0
0;0;5;0;0;0;0;0;0;0;0;0;0;0;0;0;0;0;0;0;0;0;0;0;0;0;0;0;0;0
0;0;8;0;0;0;0;0;0;0;0;0;0;0;0;0;0;0;0;0;0;0;0;0;0;0;0;0;0;0
0;0;0;0;0;0;0;0;0;0;0;0;0;0;0;0;0;0;0;0;0;0;0;0;0;0;0;0;0;0
0;0;0;0;56;0;56;0;0;0;0;0;0;0;0;0;0;0;0;0;0;0;0;0;0;0;0;0;0;0
0;0;0;0;56;0;0;0;0;0;0;0;0;0;0;0;0;0;0;0;0;0;0;0;0;0;0;0;0;0
0;0;0;0;0;0;0;0;0;0;56;0;0;0;0;0;0;0;0;0;0;0;0;0;0;0;0;0;0;0
0;0;0;0;0;0;0;0;0;0;0;0;0;0;0;0;0;0;0;0;56;0;0;0;0;0;0;0;0;0
0;0;0;0;0;0;0;0;0;0;0;0;0;25;0;0;0;0;0;0;0;0;0;0;0;0;0;0;0;0
0;0;0;0;0;0;0;0;0;34;0;0;0;0;0;0;0;0;0;0;0;0;0;0;0;0;0;0;0;0
0;0;0;0;0;0;0;0;0;0;0;0;0;0;0;0;31;0;0;0;0;0;0;0;0;0;0;0;0;0
0;0;0;0;0;0;0;0;0;28;0;0;0;0;0;0;0;0;0;0;0;0;0;0;0;0;0;0;0;0
0;0;0;0;0;0;0;0;0;0;0;56;0;0;0;0;0;0;0;0;0;0;0;0;0;0;0;0;0;0
0;0;0;0;0;0;0;0;0;0;0;0;0;0;0;0;0;0;0;0;0;0;56;0;0;0;0;0;0;0
0;0;0;0;56;0;0;0;0;0;0;0;0;0;0;0;0;0;0;0;0;0;0;0;0;0;0;0;0;0
54,55,56;0;0;0;0;0;0;0;0;0;0;0;0;0;0;0;0;0;0;0;0;0;0;0;0;0;0;0;0;54,55,56
0;56;0;0;0;0;0;0;0;0;0;0;0;0;0;0;0;0;0;0;0;0;0;0;0;0;0;0;0;0
0;0;0;56;0;0;0;0;0;0;0;0;0;0;0;0;0;0;0;0;0;0;0;0;0;0;0;0;0;0
0;0;0;0;0;0;0;0;0;0;0;0;0;0;56;0;0;0;0;0;0;0;0;0;0;0;0;0;0;0
0;0;0;0;0;0;0;0;0;0;0;0;0;0;0;0;0;0;56;0;0;0;0;0;0;0;0;0;0;0
0;0;0;0;0;0;0;0;0;0;0;0;0;0;0;0;0;56;0;0;0;0;0;0;0;0;0;0;0;0
0;0;0;0;0;0;0;0;0;0;0;0;0;0;56;0;0;0;0;0;0;0;0;0;0;0;0;0;0;0
wEstadoFinal
56
wFin
